"Set","Song"
"Set 1","The Moma Dance"
"Set 1","It's Ice"
"Set 1","Bouncing Around the Room"
"Set 1","Funky Bitch"
"Set 1","Reba"
"Set 1","Dog Faced Boy"
"Set 1","Run Like an Antelope"
"Set 2","Rock and Roll"
"Set 2","Also Sprach Zarathustra"
"Set 2","Sample in a Jar"
"Set 2","Gotta Jibboo"
"Set 2","Bug"
"Set 2","Harry Hood"
"Set 2","Cavern"
"Encore","Loving Cup"
