"Set","Song"
"Set 1","Golgi Apparatus"
"Set 1","The Landlady"
"Set 1","Esther"
"Set 1","Possum"
"Set 1","The Squirming Coil"
"Set 1","The Lizards"
"Set 1","Destiny Unbound"
"Set 1","The Sloth"
"Set 1","Uncle Pen"
"Set 1","David Bowie"
"Set 2","Reba"
"Set 2","Bouncing Around the Room"
"Set 2","Foam"
"Set 2","Fee"
"Set 2","Tweezer"
"Set 2","Magilla"
"Set 2","Cavern"
"Set 2","You Enjoy Myself"
"Encore","Divided Sky"
