"Set","Song"
"Set 1","Suzy Greenberg"
"Set 1","Bouncing Around the Room"
"Set 1","The Landlady"
"Set 1","Reba"
"Set 1","Paul and Silas"
"Set 1","Stash"
"Set 1","Dinner and a Movie"
"Set 1","I Didn't Know"
"Set 1","Mike's Song"
"Set 1","I Am Hydrogen"
"Set 1","Weekapaug Groove"
"Set 2","The Asse Festival"
"Set 2","The Squirming Coil"
"Set 2","Buried Alive"
"Set 2","Tweezer"
"Set 2","Magilla"
"Set 2","Cavern"
"Set 2","The Lizards"
"Set 2","Destiny Unbound"
"Set 2","Fire"
"Encore","Goin' Down Slow"
