"Set","Song"
"Set 1","The Wedge"
"Set 1","Foam"
"Set 1","Simple"
"Set 1","The Man Who Stepped Into Yesterday"
"Set 1","Avenu Malkenu"
"Set 1","The Man Who Stepped Into Yesterday"
"Set 1","The Sloth"
"Set 1","Ginseng Sullivan"
"Set 1","Saw It Again"
"Set 1","Horn"
"Set 1","Water in the Sky"
"Set 1","David Bowie"
"Set 2","Runaway Jim"
"Set 2","Strange Design"
"Set 2","Harry Hood"
"Set 2","Prince Caspian"
"Set 2","Suzy Greenberg"
"Encore","Buffalo Bill"
"Encore","Moby Dick"
"Encore","Fire"
